twelvebitinput[12]	zeroes[4]
000000000000	1100
000000000001	1011
000000000010	1011
000000000011	1010
000000000100	1011
000000000101	1010
000000000110	1010
000000000111	1001
000000001000	1011
000000001001	1010
000000001010	1010
000000001011	1001
000000001100	1010
000000001101	1001
000000001110	1001
000000001111	1000
000000010000	1011
000000010001	1010
000000010010	1010
000000010011	1001
000000010100	1010
000000010101	1001
000000010110	1001
000000010111	1000
000000011000	1010
000000011001	1001
000000011010	1001
000000011011	1000
000000011100	1001
000000011101	1000
000000011110	1000
000000011111	0111
000000100000	1011
000000100001	1010
000000100010	1010
000000100011	1001
000000100100	1010
000000100101	1001
000000100110	1001
000000100111	1000
000000101000	1010
000000101001	1001
000000101010	1001
000000101011	1000
000000101100	1001
000000101101	1000
000000101110	1000
000000101111	0111
000000110000	1010
000000110001	1001
000000110010	1001
000000110011	1000
000000110100	1001
000000110101	1000
000000110110	1000
000000110111	0111
000000111000	1001
000000111001	1000
000000111010	1000
000000111011	0111
000000111100	1000
000000111101	0111
000000111110	0111
000000111111	0110
000001000000	1011
000001000001	1010
000001000010	1010
000001000011	1001
000001000100	1010
000001000101	1001
000001000110	1001
000001000111	1000
000001001000	1010
000001001001	1001
000001001010	1001
000001001011	1000
000001001100	1001
000001001101	1000
000001001110	1000
000001001111	0111
000001010000	1010
000001010001	1001
000001010010	1001
000001010011	1000
000001010100	1001
000001010101	1000
000001010110	1000
000001010111	0111
000001011000	1001
000001011001	1000
000001011010	1000
000001011011	0111
000001011100	1000
000001011101	0111
000001011110	0111
000001011111	0110
000001100000	1010
000001100001	1001
000001100010	1001
000001100011	1000
000001100100	1001
000001100101	1000
000001100110	1000
000001100111	0111
000001101000	1001
000001101001	1000
000001101010	1000
000001101011	0111
000001101100	1000
000001101101	0111
000001101110	0111
000001101111	0110
000001110000	1001
000001110001	1000
000001110010	1000
000001110011	0111
000001110100	1000
000001110101	0111
000001110110	0111
000001110111	0110
000001111000	1000
000001111001	0111
000001111010	0111
000001111011	0110
000001111100	0111
000001111101	0110
000001111110	0110
000001111111	0101
000010000000	1011
000010000001	1010
000010000010	1010
000010000011	1001
000010000100	1010
000010000101	1001
000010000110	1001
000010000111	1000
000010001000	1010
000010001001	1001
000010001010	1001
000010001011	1000
000010001100	1001
000010001101	1000
000010001110	1000
000010001111	0111
000010010000	1010
000010010001	1001
000010010010	1001
000010010011	1000
000010010100	1001
000010010101	1000
000010010110	1000
000010010111	0111
000010011000	1001
000010011001	1000
000010011010	1000
000010011011	0111
000010011100	1000
000010011101	0111
000010011110	0111
000010011111	0110
000010100000	1010
000010100001	1001
000010100010	1001
000010100011	1000
000010100100	1001
000010100101	1000
000010100110	1000
000010100111	0111
000010101000	1001
000010101001	1000
000010101010	1000
000010101011	0111
000010101100	1000
000010101101	0111
000010101110	0111
000010101111	0110
000010110000	1001
000010110001	1000
000010110010	1000
000010110011	0111
000010110100	1000
000010110101	0111
000010110110	0111
000010110111	0110
000010111000	1000
000010111001	0111
000010111010	0111
000010111011	0110
000010111100	0111
000010111101	0110
000010111110	0110
000010111111	0101
000011000000	1010
000011000001	1001
000011000010	1001
000011000011	1000
000011000100	1001
000011000101	1000
000011000110	1000
000011000111	0111
000011001000	1001
000011001001	1000
000011001010	1000
000011001011	0111
000011001100	1000
000011001101	0111
000011001110	0111
000011001111	0110
000011010000	1001
000011010001	1000
000011010010	1000
000011010011	0111
000011010100	1000
000011010101	0111
000011010110	0111
000011010111	0110
000011011000	1000
000011011001	0111
000011011010	0111
000011011011	0110
000011011100	0111
000011011101	0110
000011011110	0110
000011011111	0101
000011100000	1001
000011100001	1000
000011100010	1000
000011100011	0111
000011100100	1000
000011100101	0111
000011100110	0111
000011100111	0110
000011101000	1000
000011101001	0111
000011101010	0111
000011101011	0110
000011101100	0111
000011101101	0110
000011101110	0110
000011101111	0101
000011110000	1000
000011110001	0111
000011110010	0111
000011110011	0110
000011110100	0111
000011110101	0110
000011110110	0110
000011110111	0101
000011111000	0111
000011111001	0110
000011111010	0110
000011111011	0101
000011111100	0110
000011111101	0101
000011111110	0101
000011111111	0100
000100000000	1011
000100000001	1010
000100000010	1010
000100000011	1001
000100000100	1010
000100000101	1001
000100000110	1001
000100000111	1000
000100001000	1010
000100001001	1001
000100001010	1001
000100001011	1000
000100001100	1001
000100001101	1000
000100001110	1000
000100001111	0111
000100010000	1010
000100010001	1001
000100010010	1001
000100010011	1000
000100010100	1001
000100010101	1000
000100010110	1000
000100010111	0111
000100011000	1001
000100011001	1000
000100011010	1000
000100011011	0111
000100011100	1000
000100011101	0111
000100011110	0111
000100011111	0110
000100100000	1010
000100100001	1001
000100100010	1001
000100100011	1000
000100100100	1001
000100100101	1000
000100100110	1000
000100100111	0111
000100101000	1001
000100101001	1000
000100101010	1000
000100101011	0111
000100101100	1000
000100101101	0111
000100101110	0111
000100101111	0110
000100110000	1001
000100110001	1000
000100110010	1000
000100110011	0111
000100110100	1000
000100110101	0111
000100110110	0111
000100110111	0110
000100111000	1000
000100111001	0111
000100111010	0111
000100111011	0110
000100111100	0111
000100111101	0110
000100111110	0110
000100111111	0101
000101000000	1010
000101000001	1001
000101000010	1001
000101000011	1000
000101000100	1001
000101000101	1000
000101000110	1000
000101000111	0111
000101001000	1001
000101001001	1000
000101001010	1000
000101001011	0111
000101001100	1000
000101001101	0111
000101001110	0111
000101001111	0110
000101010000	1001
000101010001	1000
000101010010	1000
000101010011	0111
000101010100	1000
000101010101	0111
000101010110	0111
000101010111	0110
000101011000	1000
000101011001	0111
000101011010	0111
000101011011	0110
000101011100	0111
000101011101	0110
000101011110	0110
000101011111	0101
000101100000	1001
000101100001	1000
000101100010	1000
000101100011	0111
000101100100	1000
000101100101	0111
000101100110	0111
000101100111	0110
000101101000	1000
000101101001	0111
000101101010	0111
000101101011	0110
000101101100	0111
000101101101	0110
000101101110	0110
000101101111	0101
000101110000	1000
000101110001	0111
000101110010	0111
000101110011	0110
000101110100	0111
000101110101	0110
000101110110	0110
000101110111	0101
000101111000	0111
000101111001	0110
000101111010	0110
000101111011	0101
000101111100	0110
000101111101	0101
000101111110	0101
000101111111	0100
000110000000	1010
000110000001	1001
000110000010	1001
000110000011	1000
000110000100	1001
000110000101	1000
000110000110	1000
000110000111	0111
000110001000	1001
000110001001	1000
000110001010	1000
000110001011	0111
000110001100	1000
000110001101	0111
000110001110	0111
000110001111	0110
000110010000	1001
000110010001	1000
000110010010	1000
000110010011	0111
000110010100	1000
000110010101	0111
000110010110	0111
000110010111	0110
000110011000	1000
000110011001	0111
000110011010	0111
000110011011	0110
000110011100	0111
000110011101	0110
000110011110	0110
000110011111	0101
000110100000	1001
000110100001	1000
000110100010	1000
000110100011	0111
000110100100	1000
000110100101	0111
000110100110	0111
000110100111	0110
000110101000	1000
000110101001	0111
000110101010	0111
000110101011	0110
000110101100	0111
000110101101	0110
000110101110	0110
000110101111	0101
000110110000	1000
000110110001	0111
000110110010	0111
000110110011	0110
000110110100	0111
000110110101	0110
000110110110	0110
000110110111	0101
000110111000	0111
000110111001	0110
000110111010	0110
000110111011	0101
000110111100	0110
000110111101	0101
000110111110	0101
000110111111	0100
000111000000	1001
000111000001	1000
000111000010	1000
000111000011	0111
000111000100	1000
000111000101	0111
000111000110	0111
000111000111	0110
000111001000	1000
000111001001	0111
000111001010	0111
000111001011	0110
000111001100	0111
000111001101	0110
000111001110	0110
000111001111	0101
000111010000	1000
000111010001	0111
000111010010	0111
000111010011	0110
000111010100	0111
000111010101	0110
000111010110	0110
000111010111	0101
000111011000	0111
000111011001	0110
000111011010	0110
000111011011	0101
000111011100	0110
000111011101	0101
000111011110	0101
000111011111	0100
000111100000	1000
000111100001	0111
000111100010	0111
000111100011	0110
000111100100	0111
000111100101	0110
000111100110	0110
000111100111	0101
000111101000	0111
000111101001	0110
000111101010	0110
000111101011	0101
000111101100	0110
000111101101	0101
000111101110	0101
000111101111	0100
000111110000	0111
000111110001	0110
000111110010	0110
000111110011	0101
000111110100	0110
000111110101	0101
000111110110	0101
000111110111	0100
000111111000	0110
000111111001	0101
000111111010	0101
000111111011	0100
000111111100	0101
000111111101	0100
000111111110	0100
000111111111	0011
001000000000	1011
001000000001	1010
001000000010	1010
001000000011	1001
001000000100	1010
001000000101	1001
001000000110	1001
001000000111	1000
001000001000	1010
001000001001	1001
001000001010	1001
001000001011	1000
001000001100	1001
001000001101	1000
001000001110	1000
001000001111	0111
001000010000	1010
001000010001	1001
001000010010	1001
001000010011	1000
001000010100	1001
001000010101	1000
001000010110	1000
001000010111	0111
001000011000	1001
001000011001	1000
001000011010	1000
001000011011	0111
001000011100	1000
001000011101	0111
001000011110	0111
001000011111	0110
001000100000	1010
001000100001	1001
001000100010	1001
001000100011	1000
001000100100	1001
001000100101	1000
001000100110	1000
001000100111	0111
001000101000	1001
001000101001	1000
001000101010	1000
001000101011	0111
001000101100	1000
001000101101	0111
001000101110	0111
001000101111	0110
001000110000	1001
001000110001	1000
001000110010	1000
001000110011	0111
001000110100	1000
001000110101	0111
001000110110	0111
001000110111	0110
001000111000	1000
001000111001	0111
001000111010	0111
001000111011	0110
001000111100	0111
001000111101	0110
001000111110	0110
001000111111	0101
001001000000	1010
001001000001	1001
001001000010	1001
001001000011	1000
001001000100	1001
001001000101	1000
001001000110	1000
001001000111	0111
001001001000	1001
001001001001	1000
001001001010	1000
001001001011	0111
001001001100	1000
001001001101	0111
001001001110	0111
001001001111	0110
001001010000	1001
001001010001	1000
001001010010	1000
001001010011	0111
001001010100	1000
001001010101	0111
001001010110	0111
001001010111	0110
001001011000	1000
001001011001	0111
001001011010	0111
001001011011	0110
001001011100	0111
001001011101	0110
001001011110	0110
001001011111	0101
001001100000	1001
001001100001	1000
001001100010	1000
001001100011	0111
001001100100	1000
001001100101	0111
001001100110	0111
001001100111	0110
001001101000	1000
001001101001	0111
001001101010	0111
001001101011	0110
001001101100	0111
001001101101	0110
001001101110	0110
001001101111	0101
001001110000	1000
001001110001	0111
001001110010	0111
001001110011	0110
001001110100	0111
001001110101	0110
001001110110	0110
001001110111	0101
001001111000	0111
001001111001	0110
001001111010	0110
001001111011	0101
001001111100	0110
001001111101	0101
001001111110	0101
001001111111	0100
001010000000	1010
001010000001	1001
001010000010	1001
001010000011	1000
001010000100	1001
001010000101	1000
001010000110	1000
001010000111	0111
001010001000	1001
001010001001	1000
001010001010	1000
001010001011	0111
001010001100	1000
001010001101	0111
001010001110	0111
001010001111	0110
001010010000	1001
001010010001	1000
001010010010	1000
001010010011	0111
001010010100	1000
001010010101	0111
001010010110	0111
001010010111	0110
001010011000	1000
001010011001	0111
001010011010	0111
001010011011	0110
001010011100	0111
001010011101	0110
001010011110	0110
001010011111	0101
001010100000	1001
001010100001	1000
001010100010	1000
001010100011	0111
001010100100	1000
001010100101	0111
001010100110	0111
001010100111	0110
001010101000	1000
001010101001	0111
001010101010	0111
001010101011	0110
001010101100	0111
001010101101	0110
001010101110	0110
001010101111	0101
001010110000	1000
001010110001	0111
001010110010	0111
001010110011	0110
001010110100	0111
001010110101	0110
001010110110	0110
001010110111	0101
001010111000	0111
001010111001	0110
001010111010	0110
001010111011	0101
001010111100	0110
001010111101	0101
001010111110	0101
001010111111	0100
001011000000	1001
001011000001	1000
001011000010	1000
001011000011	0111
001011000100	1000
001011000101	0111
001011000110	0111
001011000111	0110
001011001000	1000
001011001001	0111
001011001010	0111
001011001011	0110
001011001100	0111
001011001101	0110
001011001110	0110
001011001111	0101
001011010000	1000
001011010001	0111
001011010010	0111
001011010011	0110
001011010100	0111
001011010101	0110
001011010110	0110
001011010111	0101
001011011000	0111
001011011001	0110
001011011010	0110
001011011011	0101
001011011100	0110
001011011101	0101
001011011110	0101
001011011111	0100
001011100000	1000
001011100001	0111
001011100010	0111
001011100011	0110
001011100100	0111
001011100101	0110
001011100110	0110
001011100111	0101
001011101000	0111
001011101001	0110
001011101010	0110
001011101011	0101
001011101100	0110
001011101101	0101
001011101110	0101
001011101111	0100
001011110000	0111
001011110001	0110
001011110010	0110
001011110011	0101
001011110100	0110
001011110101	0101
001011110110	0101
001011110111	0100
001011111000	0110
001011111001	0101
001011111010	0101
001011111011	0100
001011111100	0101
001011111101	0100
001011111110	0100
001011111111	0011
001100000000	1010
001100000001	1001
001100000010	1001
001100000011	1000
001100000100	1001
001100000101	1000
001100000110	1000
001100000111	0111
001100001000	1001
001100001001	1000
001100001010	1000
001100001011	0111
001100001100	1000
001100001101	0111
001100001110	0111
001100001111	0110
001100010000	1001
001100010001	1000
001100010010	1000
001100010011	0111
001100010100	1000
001100010101	0111
001100010110	0111
001100010111	0110
001100011000	1000
001100011001	0111
001100011010	0111
001100011011	0110
001100011100	0111
001100011101	0110
001100011110	0110
001100011111	0101
001100100000	1001
001100100001	1000
001100100010	1000
001100100011	0111
001100100100	1000
001100100101	0111
001100100110	0111
001100100111	0110
001100101000	1000
001100101001	0111
001100101010	0111
001100101011	0110
001100101100	0111
001100101101	0110
001100101110	0110
001100101111	0101
001100110000	1000
001100110001	0111
001100110010	0111
001100110011	0110
001100110100	0111
001100110101	0110
001100110110	0110
001100110111	0101
001100111000	0111
001100111001	0110
001100111010	0110
001100111011	0101
001100111100	0110
001100111101	0101
001100111110	0101
001100111111	0100
001101000000	1001
001101000001	1000
001101000010	1000
001101000011	0111
001101000100	1000
001101000101	0111
001101000110	0111
001101000111	0110
001101001000	1000
001101001001	0111
001101001010	0111
001101001011	0110
001101001100	0111
001101001101	0110
001101001110	0110
001101001111	0101
001101010000	1000
001101010001	0111
001101010010	0111
001101010011	0110
001101010100	0111
001101010101	0110
001101010110	0110
001101010111	0101
001101011000	0111
001101011001	0110
001101011010	0110
001101011011	0101
001101011100	0110
001101011101	0101
001101011110	0101
001101011111	0100
001101100000	1000
001101100001	0111
001101100010	0111
001101100011	0110
001101100100	0111
001101100101	0110
001101100110	0110
001101100111	0101
001101101000	0111
001101101001	0110
001101101010	0110
001101101011	0101
001101101100	0110
001101101101	0101
001101101110	0101
001101101111	0100
001101110000	0111
001101110001	0110
001101110010	0110
001101110011	0101
001101110100	0110
001101110101	0101
001101110110	0101
001101110111	0100
001101111000	0110
001101111001	0101
001101111010	0101
001101111011	0100
001101111100	0101
001101111101	0100
001101111110	0100
001101111111	0011
001110000000	1001
001110000001	1000
001110000010	1000
001110000011	0111
001110000100	1000
001110000101	0111
001110000110	0111
001110000111	0110
001110001000	1000
001110001001	0111
001110001010	0111
001110001011	0110
001110001100	0111
001110001101	0110
001110001110	0110
001110001111	0101
001110010000	1000
001110010001	0111
001110010010	0111
001110010011	0110
001110010100	0111
001110010101	0110
001110010110	0110
001110010111	0101
001110011000	0111
001110011001	0110
001110011010	0110
001110011011	0101
001110011100	0110
001110011101	0101
001110011110	0101
001110011111	0100
001110100000	1000
001110100001	0111
001110100010	0111
001110100011	0110
001110100100	0111
001110100101	0110
001110100110	0110
001110100111	0101
001110101000	0111
001110101001	0110
001110101010	0110
001110101011	0101
001110101100	0110
001110101101	0101
001110101110	0101
001110101111	0100
001110110000	0111
001110110001	0110
001110110010	0110
001110110011	0101
001110110100	0110
001110110101	0101
001110110110	0101
001110110111	0100
001110111000	0110
001110111001	0101
001110111010	0101
001110111011	0100
001110111100	0101
001110111101	0100
001110111110	0100
001110111111	0011
001111000000	1000
001111000001	0111
001111000010	0111
001111000011	0110
001111000100	0111
001111000101	0110
001111000110	0110
001111000111	0101
001111001000	0111
001111001001	0110
001111001010	0110
001111001011	0101
001111001100	0110
001111001101	0101
001111001110	0101
001111001111	0100
001111010000	0111
001111010001	0110
001111010010	0110
001111010011	0101
001111010100	0110
001111010101	0101
001111010110	0101
001111010111	0100
001111011000	0110
001111011001	0101
001111011010	0101
001111011011	0100
001111011100	0101
001111011101	0100
001111011110	0100
001111011111	0011
001111100000	0111
001111100001	0110
001111100010	0110
001111100011	0101
001111100100	0110
001111100101	0101
001111100110	0101
001111100111	0100
001111101000	0110
001111101001	0101
001111101010	0101
001111101011	0100
001111101100	0101
001111101101	0100
001111101110	0100
001111101111	0011
001111110000	0110
001111110001	0101
001111110010	0101
001111110011	0100
001111110100	0101
001111110101	0100
001111110110	0100
001111110111	0011
001111111000	0101
001111111001	0100
001111111010	0100
001111111011	0011
001111111100	0100
001111111101	0011
001111111110	0011
001111111111	0010
010000000000	1011
010000000001	1010
010000000010	1010
010000000011	1001
010000000100	1010
010000000101	1001
010000000110	1001
010000000111	1000
010000001000	1010
010000001001	1001
010000001010	1001
010000001011	1000
010000001100	1001
010000001101	1000
010000001110	1000
010000001111	0111
010000010000	1010
010000010001	1001
010000010010	1001
010000010011	1000
010000010100	1001
010000010101	1000
010000010110	1000
010000010111	0111
010000011000	1001
010000011001	1000
010000011010	1000
010000011011	0111
010000011100	1000
010000011101	0111
010000011110	0111
010000011111	0110
010000100000	1010
010000100001	1001
010000100010	1001
010000100011	1000
010000100100	1001
010000100101	1000
010000100110	1000
010000100111	0111
010000101000	1001
010000101001	1000
010000101010	1000
010000101011	0111
010000101100	1000
010000101101	0111
010000101110	0111
010000101111	0110
010000110000	1001
010000110001	1000
010000110010	1000
010000110011	0111
010000110100	1000
010000110101	0111
010000110110	0111
010000110111	0110
010000111000	1000
010000111001	0111
010000111010	0111
010000111011	0110
010000111100	0111
010000111101	0110
010000111110	0110
010000111111	0101
010001000000	1010
010001000001	1001
010001000010	1001
010001000011	1000
010001000100	1001
010001000101	1000
010001000110	1000
010001000111	0111
010001001000	1001
010001001001	1000
010001001010	1000
010001001011	0111
010001001100	1000
010001001101	0111
010001001110	0111
010001001111	0110
010001010000	1001
010001010001	1000
010001010010	1000
010001010011	0111
010001010100	1000
010001010101	0111
010001010110	0111
010001010111	0110
010001011000	1000
010001011001	0111
010001011010	0111
010001011011	0110
010001011100	0111
010001011101	0110
010001011110	0110
010001011111	0101
010001100000	1001
010001100001	1000
010001100010	1000
010001100011	0111
010001100100	1000
010001100101	0111
010001100110	0111
010001100111	0110
010001101000	1000
010001101001	0111
010001101010	0111
010001101011	0110
010001101100	0111
010001101101	0110
010001101110	0110
010001101111	0101
010001110000	1000
010001110001	0111
010001110010	0111
010001110011	0110
010001110100	0111
010001110101	0110
010001110110	0110
010001110111	0101
010001111000	0111
010001111001	0110
010001111010	0110
010001111011	0101
010001111100	0110
010001111101	0101
010001111110	0101
010001111111	0100
010010000000	1010
010010000001	1001
010010000010	1001
010010000011	1000
010010000100	1001
010010000101	1000
010010000110	1000
010010000111	0111
010010001000	1001
010010001001	1000
010010001010	1000
010010001011	0111
010010001100	1000
010010001101	0111
010010001110	0111
010010001111	0110
010010010000	1001
010010010001	1000
010010010010	1000
010010010011	0111
010010010100	1000
010010010101	0111
010010010110	0111
010010010111	0110
010010011000	1000
010010011001	0111
010010011010	0111
010010011011	0110
010010011100	0111
010010011101	0110
010010011110	0110
010010011111	0101
010010100000	1001
010010100001	1000
010010100010	1000
010010100011	0111
010010100100	1000
010010100101	0111
010010100110	0111
010010100111	0110
010010101000	1000
010010101001	0111
010010101010	0111
010010101011	0110
010010101100	0111
010010101101	0110
010010101110	0110
010010101111	0101
010010110000	1000
010010110001	0111
010010110010	0111
010010110011	0110
010010110100	0111
010010110101	0110
010010110110	0110
010010110111	0101
010010111000	0111
010010111001	0110
010010111010	0110
010010111011	0101
010010111100	0110
010010111101	0101
010010111110	0101
010010111111	0100
010011000000	1001
010011000001	1000
010011000010	1000
010011000011	0111
010011000100	1000
010011000101	0111
010011000110	0111
010011000111	0110
010011001000	1000
010011001001	0111
010011001010	0111
010011001011	0110
010011001100	0111
010011001101	0110
010011001110	0110
010011001111	0101
010011010000	1000
010011010001	0111
010011010010	0111
010011010011	0110
010011010100	0111
010011010101	0110
010011010110	0110
010011010111	0101
010011011000	0111
010011011001	0110
010011011010	0110
010011011011	0101
010011011100	0110
010011011101	0101
010011011110	0101
010011011111	0100
010011100000	1000
010011100001	0111
010011100010	0111
010011100011	0110
010011100100	0111
010011100101	0110
010011100110	0110
010011100111	0101
010011101000	0111
010011101001	0110
010011101010	0110
010011101011	0101
010011101100	0110
010011101101	0101
010011101110	0101
010011101111	0100
010011110000	0111
010011110001	0110
010011110010	0110
010011110011	0101
010011110100	0110
010011110101	0101
010011110110	0101
010011110111	0100
010011111000	0110
010011111001	0101
010011111010	0101
010011111011	0100
010011111100	0101
010011111101	0100
010011111110	0100
010011111111	0011
010100000000	1010
010100000001	1001
010100000010	1001
010100000011	1000
010100000100	1001
010100000101	1000
010100000110	1000
010100000111	0111
010100001000	1001
010100001001	1000
010100001010	1000
010100001011	0111
010100001100	1000
010100001101	0111
010100001110	0111
010100001111	0110
010100010000	1001
010100010001	1000
010100010010	1000
010100010011	0111
010100010100	1000
010100010101	0111
010100010110	0111
010100010111	0110
010100011000	1000
010100011001	0111
010100011010	0111
010100011011	0110
010100011100	0111
010100011101	0110
010100011110	0110
010100011111	0101
010100100000	1001
010100100001	1000
010100100010	1000
010100100011	0111
010100100100	1000
010100100101	0111
010100100110	0111
010100100111	0110
010100101000	1000
010100101001	0111
010100101010	0111
010100101011	0110
010100101100	0111
010100101101	0110
010100101110	0110
010100101111	0101
010100110000	1000
010100110001	0111
010100110010	0111
010100110011	0110
010100110100	0111
010100110101	0110
010100110110	0110
010100110111	0101
010100111000	0111
010100111001	0110
010100111010	0110
010100111011	0101
010100111100	0110
010100111101	0101
010100111110	0101
010100111111	0100
010101000000	1001
010101000001	1000
010101000010	1000
010101000011	0111
010101000100	1000
010101000101	0111
010101000110	0111
010101000111	0110
010101001000	1000
010101001001	0111
010101001010	0111
010101001011	0110
010101001100	0111
010101001101	0110
010101001110	0110
010101001111	0101
010101010000	1000
010101010001	0111
010101010010	0111
010101010011	0110
010101010100	0111
010101010101	0110
010101010110	0110
010101010111	0101
010101011000	0111
010101011001	0110
010101011010	0110
010101011011	0101
010101011100	0110
010101011101	0101
010101011110	0101
010101011111	0100
010101100000	1000
010101100001	0111
010101100010	0111
010101100011	0110
010101100100	0111
010101100101	0110
010101100110	0110
010101100111	0101
010101101000	0111
010101101001	0110
010101101010	0110
010101101011	0101
010101101100	0110
010101101101	0101
010101101110	0101
010101101111	0100
010101110000	0111
010101110001	0110
010101110010	0110
010101110011	0101
010101110100	0110
010101110101	0101
010101110110	0101
010101110111	0100
010101111000	0110
010101111001	0101
010101111010	0101
010101111011	0100
010101111100	0101
010101111101	0100
010101111110	0100
010101111111	0011
010110000000	1001
010110000001	1000
010110000010	1000
010110000011	0111
010110000100	1000
010110000101	0111
010110000110	0111
010110000111	0110
010110001000	1000
010110001001	0111
010110001010	0111
010110001011	0110
010110001100	0111
010110001101	0110
010110001110	0110
010110001111	0101
010110010000	1000
010110010001	0111
010110010010	0111
010110010011	0110
010110010100	0111
010110010101	0110
010110010110	0110
010110010111	0101
010110011000	0111
010110011001	0110
010110011010	0110
010110011011	0101
010110011100	0110
010110011101	0101
010110011110	0101
010110011111	0100
010110100000	1000
010110100001	0111
010110100010	0111
010110100011	0110
010110100100	0111
010110100101	0110
010110100110	0110
010110100111	0101
010110101000	0111
010110101001	0110
010110101010	0110
010110101011	0101
010110101100	0110
010110101101	0101
010110101110	0101
010110101111	0100
010110110000	0111
010110110001	0110
010110110010	0110
010110110011	0101
010110110100	0110
010110110101	0101
010110110110	0101
010110110111	0100
010110111000	0110
010110111001	0101
010110111010	0101
010110111011	0100
010110111100	0101
010110111101	0100
010110111110	0100
010110111111	0011
010111000000	1000
010111000001	0111
010111000010	0111
010111000011	0110
010111000100	0111
010111000101	0110
010111000110	0110
010111000111	0101
010111001000	0111
010111001001	0110
010111001010	0110
010111001011	0101
010111001100	0110
010111001101	0101
010111001110	0101
010111001111	0100
010111010000	0111
010111010001	0110
010111010010	0110
010111010011	0101
010111010100	0110
010111010101	0101
010111010110	0101
010111010111	0100
010111011000	0110
010111011001	0101
010111011010	0101
010111011011	0100
010111011100	0101
010111011101	0100
010111011110	0100
010111011111	0011
010111100000	0111
010111100001	0110
010111100010	0110
010111100011	0101
010111100100	0110
010111100101	0101
010111100110	0101
010111100111	0100
010111101000	0110
010111101001	0101
010111101010	0101
010111101011	0100
010111101100	0101
010111101101	0100
010111101110	0100
010111101111	0011
010111110000	0110
010111110001	0101
010111110010	0101
010111110011	0100
010111110100	0101
010111110101	0100
010111110110	0100
010111110111	0011
010111111000	0101
010111111001	0100
010111111010	0100
010111111011	0011
010111111100	0100
010111111101	0011
010111111110	0011
010111111111	0010
011000000000	1010
011000000001	1001
011000000010	1001
011000000011	1000
011000000100	1001
011000000101	1000
011000000110	1000
011000000111	0111
011000001000	1001
011000001001	1000
011000001010	1000
011000001011	0111
011000001100	1000
011000001101	0111
011000001110	0111
011000001111	0110
011000010000	1001
011000010001	1000
011000010010	1000
011000010011	0111
011000010100	1000
011000010101	0111
011000010110	0111
011000010111	0110
011000011000	1000
011000011001	0111
011000011010	0111
011000011011	0110
011000011100	0111
011000011101	0110
011000011110	0110
011000011111	0101
011000100000	1001
011000100001	1000
011000100010	1000
011000100011	0111
011000100100	1000
011000100101	0111
011000100110	0111
011000100111	0110
011000101000	1000
011000101001	0111
011000101010	0111
011000101011	0110
011000101100	0111
011000101101	0110
011000101110	0110
011000101111	0101
011000110000	1000
011000110001	0111
011000110010	0111
011000110011	0110
011000110100	0111
011000110101	0110
011000110110	0110
011000110111	0101
011000111000	0111
011000111001	0110
011000111010	0110
011000111011	0101
011000111100	0110
011000111101	0101
011000111110	0101
011000111111	0100
011001000000	1001
011001000001	1000
011001000010	1000
011001000011	0111
011001000100	1000
011001000101	0111
011001000110	0111
011001000111	0110
011001001000	1000
011001001001	0111
011001001010	0111
011001001011	0110
011001001100	0111
011001001101	0110
011001001110	0110
011001001111	0101
011001010000	1000
011001010001	0111
011001010010	0111
011001010011	0110
011001010100	0111
011001010101	0110
011001010110	0110
011001010111	0101
011001011000	0111
011001011001	0110
011001011010	0110
011001011011	0101
011001011100	0110
011001011101	0101
011001011110	0101
011001011111	0100
011001100000	1000
011001100001	0111
011001100010	0111
011001100011	0110
011001100100	0111
011001100101	0110
011001100110	0110
011001100111	0101
011001101000	0111
011001101001	0110
011001101010	0110
011001101011	0101
011001101100	0110
011001101101	0101
011001101110	0101
011001101111	0100
011001110000	0111
011001110001	0110
011001110010	0110
011001110011	0101
011001110100	0110
011001110101	0101
011001110110	0101
011001110111	0100
011001111000	0110
011001111001	0101
011001111010	0101
011001111011	0100
011001111100	0101
011001111101	0100
011001111110	0100
011001111111	0011
011010000000	1001
011010000001	1000
011010000010	1000
011010000011	0111
011010000100	1000
011010000101	0111
011010000110	0111
011010000111	0110
011010001000	1000
011010001001	0111
011010001010	0111
011010001011	0110
011010001100	0111
011010001101	0110
011010001110	0110
011010001111	0101
011010010000	1000
011010010001	0111
011010010010	0111
011010010011	0110
011010010100	0111
011010010101	0110
011010010110	0110
011010010111	0101
011010011000	0111
011010011001	0110
011010011010	0110
011010011011	0101
011010011100	0110
011010011101	0101
011010011110	0101
011010011111	0100
011010100000	1000
011010100001	0111
011010100010	0111
011010100011	0110
011010100100	0111
011010100101	0110
011010100110	0110
011010100111	0101
011010101000	0111
011010101001	0110
011010101010	0110
011010101011	0101
011010101100	0110
011010101101	0101
011010101110	0101
011010101111	0100
011010110000	0111
011010110001	0110
011010110010	0110
011010110011	0101
011010110100	0110
011010110101	0101
011010110110	0101
011010110111	0100
011010111000	0110
011010111001	0101
011010111010	0101
011010111011	0100
011010111100	0101
011010111101	0100
011010111110	0100
011010111111	0011
011011000000	1000
011011000001	0111
011011000010	0111
011011000011	0110
011011000100	0111
011011000101	0110
011011000110	0110
011011000111	0101
011011001000	0111
011011001001	0110
011011001010	0110
011011001011	0101
011011001100	0110
011011001101	0101
011011001110	0101
011011001111	0100
011011010000	0111
011011010001	0110
011011010010	0110
011011010011	0101
011011010100	0110
011011010101	0101
011011010110	0101
011011010111	0100
011011011000	0110
011011011001	0101
011011011010	0101
011011011011	0100
011011011100	0101
011011011101	0100
011011011110	0100
011011011111	0011
011011100000	0111
011011100001	0110
011011100010	0110
011011100011	0101
011011100100	0110
011011100101	0101
011011100110	0101
011011100111	0100
011011101000	0110
011011101001	0101
011011101010	0101
011011101011	0100
011011101100	0101
011011101101	0100
011011101110	0100
011011101111	0011
011011110000	0110
011011110001	0101
011011110010	0101
011011110011	0100
011011110100	0101
011011110101	0100
011011110110	0100
011011110111	0011
011011111000	0101
011011111001	0100
011011111010	0100
011011111011	0011
011011111100	0100
011011111101	0011
011011111110	0011
011011111111	0010
011100000000	1001
011100000001	1000
011100000010	1000
011100000011	0111
011100000100	1000
011100000101	0111
011100000110	0111
011100000111	0110
011100001000	1000
011100001001	0111
011100001010	0111
011100001011	0110
011100001100	0111
011100001101	0110
011100001110	0110
011100001111	0101
011100010000	1000
011100010001	0111
011100010010	0111
011100010011	0110
011100010100	0111
011100010101	0110
011100010110	0110
011100010111	0101
011100011000	0111
011100011001	0110
011100011010	0110
011100011011	0101
011100011100	0110
011100011101	0101
011100011110	0101
011100011111	0100
011100100000	1000
011100100001	0111
011100100010	0111
011100100011	0110
011100100100	0111
011100100101	0110
011100100110	0110
011100100111	0101
011100101000	0111
011100101001	0110
011100101010	0110
011100101011	0101
011100101100	0110
011100101101	0101
011100101110	0101
011100101111	0100
011100110000	0111
011100110001	0110
011100110010	0110
011100110011	0101
011100110100	0110
011100110101	0101
011100110110	0101
011100110111	0100
011100111000	0110
011100111001	0101
011100111010	0101
011100111011	0100
011100111100	0101
011100111101	0100
011100111110	0100
011100111111	0011
011101000000	1000
011101000001	0111
011101000010	0111
011101000011	0110
011101000100	0111
011101000101	0110
011101000110	0110
011101000111	0101
011101001000	0111
011101001001	0110
011101001010	0110
011101001011	0101
011101001100	0110
011101001101	0101
011101001110	0101
011101001111	0100
011101010000	0111
011101010001	0110
011101010010	0110
011101010011	0101
011101010100	0110
011101010101	0101
011101010110	0101
011101010111	0100
011101011000	0110
011101011001	0101
011101011010	0101
011101011011	0100
011101011100	0101
011101011101	0100
011101011110	0100
011101011111	0011
011101100000	0111
011101100001	0110
011101100010	0110
011101100011	0101
011101100100	0110
011101100101	0101
011101100110	0101
011101100111	0100
011101101000	0110
011101101001	0101
011101101010	0101
011101101011	0100
011101101100	0101
011101101101	0100
011101101110	0100
011101101111	0011
011101110000	0110
011101110001	0101
011101110010	0101
011101110011	0100
011101110100	0101
011101110101	0100
011101110110	0100
011101110111	0011
011101111000	0101
011101111001	0100
011101111010	0100
011101111011	0011
011101111100	0100
011101111101	0011
011101111110	0011
011101111111	0010
011110000000	1000
011110000001	0111
011110000010	0111
011110000011	0110
011110000100	0111
011110000101	0110
011110000110	0110
011110000111	0101
011110001000	0111
011110001001	0110
011110001010	0110
011110001011	0101
011110001100	0110
011110001101	0101
011110001110	0101
011110001111	0100
011110010000	0111
011110010001	0110
011110010010	0110
011110010011	0101
011110010100	0110
011110010101	0101
011110010110	0101
011110010111	0100
011110011000	0110
011110011001	0101
011110011010	0101
011110011011	0100
011110011100	0101
011110011101	0100
011110011110	0100
011110011111	0011
011110100000	0111
011110100001	0110
011110100010	0110
011110100011	0101
011110100100	0110
011110100101	0101
011110100110	0101
011110100111	0100
011110101000	0110
011110101001	0101
011110101010	0101
011110101011	0100
011110101100	0101
011110101101	0100
011110101110	0100
011110101111	0011
011110110000	0110
011110110001	0101
011110110010	0101
011110110011	0100
011110110100	0101
011110110101	0100
011110110110	0100
011110110111	0011
011110111000	0101
011110111001	0100
011110111010	0100
011110111011	0011
011110111100	0100
011110111101	0011
011110111110	0011
011110111111	0010
011111000000	0111
011111000001	0110
011111000010	0110
011111000011	0101
011111000100	0110
011111000101	0101
011111000110	0101
011111000111	0100
011111001000	0110
011111001001	0101
011111001010	0101
011111001011	0100
011111001100	0101
011111001101	0100
011111001110	0100
011111001111	0011
011111010000	0110
011111010001	0101
011111010010	0101
011111010011	0100
011111010100	0101
011111010101	0100
011111010110	0100
011111010111	0011
011111011000	0101
011111011001	0100
011111011010	0100
011111011011	0011
011111011100	0100
011111011101	0011
011111011110	0011
011111011111	0010
011111100000	0110
011111100001	0101
011111100010	0101
011111100011	0100
011111100100	0101
011111100101	0100
011111100110	0100
011111100111	0011
011111101000	0101
011111101001	0100
011111101010	0100
011111101011	0011
011111101100	0100
011111101101	0011
011111101110	0011
011111101111	0010
011111110000	0101
011111110001	0100
011111110010	0100
011111110011	0011
011111110100	0100
011111110101	0011
011111110110	0011
011111110111	0010
011111111000	0100
011111111001	0011
011111111010	0011
011111111011	0010
011111111100	0011
011111111101	0010
011111111110	0010
011111111111	0001
100000000000	1011
100000000001	1010
100000000010	1010
100000000011	1001
100000000100	1010
100000000101	1001
100000000110	1001
100000000111	1000
100000001000	1010
100000001001	1001
100000001010	1001
100000001011	1000
100000001100	1001
100000001101	1000
100000001110	1000
100000001111	0111
100000010000	1010
100000010001	1001
100000010010	1001
100000010011	1000
100000010100	1001
100000010101	1000
100000010110	1000
100000010111	0111
100000011000	1001
100000011001	1000
100000011010	1000
100000011011	0111
100000011100	1000
100000011101	0111
100000011110	0111
100000011111	0110
100000100000	1010
100000100001	1001
100000100010	1001
100000100011	1000
100000100100	1001
100000100101	1000
100000100110	1000
100000100111	0111
100000101000	1001
100000101001	1000
100000101010	1000
100000101011	0111
100000101100	1000
100000101101	0111
100000101110	0111
100000101111	0110
100000110000	1001
100000110001	1000
100000110010	1000
100000110011	0111
100000110100	1000
100000110101	0111
100000110110	0111
100000110111	0110
100000111000	1000
100000111001	0111
100000111010	0111
100000111011	0110
100000111100	0111
100000111101	0110
100000111110	0110
100000111111	0101
100001000000	1010
100001000001	1001
100001000010	1001
100001000011	1000
100001000100	1001
100001000101	1000
100001000110	1000
100001000111	0111
100001001000	1001
100001001001	1000
100001001010	1000
100001001011	0111
100001001100	1000
100001001101	0111
100001001110	0111
100001001111	0110
100001010000	1001
100001010001	1000
100001010010	1000
100001010011	0111
100001010100	1000
100001010101	0111
100001010110	0111
100001010111	0110
100001011000	1000
100001011001	0111
100001011010	0111
100001011011	0110
100001011100	0111
100001011101	0110
100001011110	0110
100001011111	0101
100001100000	1001
100001100001	1000
100001100010	1000
100001100011	0111
100001100100	1000
100001100101	0111
100001100110	0111
100001100111	0110
100001101000	1000
100001101001	0111
100001101010	0111
100001101011	0110
100001101100	0111
100001101101	0110
100001101110	0110
100001101111	0101
100001110000	1000
100001110001	0111
100001110010	0111
100001110011	0110
100001110100	0111
100001110101	0110
100001110110	0110
100001110111	0101
100001111000	0111
100001111001	0110
100001111010	0110
100001111011	0101
100001111100	0110
100001111101	0101
100001111110	0101
100001111111	0100
100010000000	1010
100010000001	1001
100010000010	1001
100010000011	1000
100010000100	1001
100010000101	1000
100010000110	1000
100010000111	0111
100010001000	1001
100010001001	1000
100010001010	1000
100010001011	0111
100010001100	1000
100010001101	0111
100010001110	0111
100010001111	0110
100010010000	1001
100010010001	1000
100010010010	1000
100010010011	0111
100010010100	1000
100010010101	0111
100010010110	0111
100010010111	0110
100010011000	1000
100010011001	0111
100010011010	0111
100010011011	0110
100010011100	0111
100010011101	0110
100010011110	0110
100010011111	0101
100010100000	1001
100010100001	1000
100010100010	1000
100010100011	0111
100010100100	1000
100010100101	0111
100010100110	0111
100010100111	0110
100010101000	1000
100010101001	0111
100010101010	0111
100010101011	0110
100010101100	0111
100010101101	0110
100010101110	0110
100010101111	0101
100010110000	1000
100010110001	0111
100010110010	0111
100010110011	0110
100010110100	0111
100010110101	0110
100010110110	0110
100010110111	0101
100010111000	0111
100010111001	0110
100010111010	0110
100010111011	0101
100010111100	0110
100010111101	0101
100010111110	0101
100010111111	0100
100011000000	1001
100011000001	1000
100011000010	1000
100011000011	0111
100011000100	1000
100011000101	0111
100011000110	0111
100011000111	0110
100011001000	1000
100011001001	0111
100011001010	0111
100011001011	0110
100011001100	0111
100011001101	0110
100011001110	0110
100011001111	0101
100011010000	1000
100011010001	0111
100011010010	0111
100011010011	0110
100011010100	0111
100011010101	0110
100011010110	0110
100011010111	0101
100011011000	0111
100011011001	0110
100011011010	0110
100011011011	0101
100011011100	0110
100011011101	0101
100011011110	0101
100011011111	0100
100011100000	1000
100011100001	0111
100011100010	0111
100011100011	0110
100011100100	0111
100011100101	0110
100011100110	0110
100011100111	0101
100011101000	0111
100011101001	0110
100011101010	0110
100011101011	0101
100011101100	0110
100011101101	0101
100011101110	0101
100011101111	0100
100011110000	0111
100011110001	0110
100011110010	0110
100011110011	0101
100011110100	0110
100011110101	0101
100011110110	0101
100011110111	0100
100011111000	0110
100011111001	0101
100011111010	0101
100011111011	0100
100011111100	0101
100011111101	0100
100011111110	0100
100011111111	0011
100100000000	1010
100100000001	1001
100100000010	1001
100100000011	1000
100100000100	1001
100100000101	1000
100100000110	1000
100100000111	0111
100100001000	1001
100100001001	1000
100100001010	1000
100100001011	0111
100100001100	1000
100100001101	0111
100100001110	0111
100100001111	0110
100100010000	1001
100100010001	1000
100100010010	1000
100100010011	0111
100100010100	1000
100100010101	0111
100100010110	0111
100100010111	0110
100100011000	1000
100100011001	0111
100100011010	0111
100100011011	0110
100100011100	0111
100100011101	0110
100100011110	0110
100100011111	0101
100100100000	1001
100100100001	1000
100100100010	1000
100100100011	0111
100100100100	1000
100100100101	0111
100100100110	0111
100100100111	0110
100100101000	1000
100100101001	0111
100100101010	0111
100100101011	0110
100100101100	0111
100100101101	0110
100100101110	0110
100100101111	0101
100100110000	1000
100100110001	0111
100100110010	0111
100100110011	0110
100100110100	0111
100100110101	0110
100100110110	0110
100100110111	0101
100100111000	0111
100100111001	0110
100100111010	0110
100100111011	0101
100100111100	0110
100100111101	0101
100100111110	0101
100100111111	0100
100101000000	1001
100101000001	1000
100101000010	1000
100101000011	0111
100101000100	1000
100101000101	0111
100101000110	0111
100101000111	0110
100101001000	1000
100101001001	0111
100101001010	0111
100101001011	0110
100101001100	0111
100101001101	0110
100101001110	0110
100101001111	0101
100101010000	1000
100101010001	0111
100101010010	0111
100101010011	0110
100101010100	0111
100101010101	0110
100101010110	0110
100101010111	0101
100101011000	0111
100101011001	0110
100101011010	0110
100101011011	0101
100101011100	0110
100101011101	0101
100101011110	0101
100101011111	0100
100101100000	1000
100101100001	0111
100101100010	0111
100101100011	0110
100101100100	0111
100101100101	0110
100101100110	0110
100101100111	0101
100101101000	0111
100101101001	0110
100101101010	0110
100101101011	0101
100101101100	0110
100101101101	0101
100101101110	0101
100101101111	0100
100101110000	0111
100101110001	0110
100101110010	0110
100101110011	0101
100101110100	0110
100101110101	0101
100101110110	0101
100101110111	0100
100101111000	0110
100101111001	0101
100101111010	0101
100101111011	0100
100101111100	0101
100101111101	0100
100101111110	0100
100101111111	0011
100110000000	1001
100110000001	1000
100110000010	1000
100110000011	0111
100110000100	1000
100110000101	0111
100110000110	0111
100110000111	0110
100110001000	1000
100110001001	0111
100110001010	0111
100110001011	0110
100110001100	0111
100110001101	0110
100110001110	0110
100110001111	0101
100110010000	1000
100110010001	0111
100110010010	0111
100110010011	0110
100110010100	0111
100110010101	0110
100110010110	0110
100110010111	0101
100110011000	0111
100110011001	0110
100110011010	0110
100110011011	0101
100110011100	0110
100110011101	0101
100110011110	0101
100110011111	0100
100110100000	1000
100110100001	0111
100110100010	0111
100110100011	0110
100110100100	0111
100110100101	0110
100110100110	0110
100110100111	0101
100110101000	0111
100110101001	0110
100110101010	0110
100110101011	0101
100110101100	0110
100110101101	0101
100110101110	0101
100110101111	0100
100110110000	0111
100110110001	0110
100110110010	0110
100110110011	0101
100110110100	0110
100110110101	0101
100110110110	0101
100110110111	0100
100110111000	0110
100110111001	0101
100110111010	0101
100110111011	0100
100110111100	0101
100110111101	0100
100110111110	0100
100110111111	0011
100111000000	1000
100111000001	0111
100111000010	0111
100111000011	0110
100111000100	0111
100111000101	0110
100111000110	0110
100111000111	0101
100111001000	0111
100111001001	0110
100111001010	0110
100111001011	0101
100111001100	0110
100111001101	0101
100111001110	0101
100111001111	0100
100111010000	0111
100111010001	0110
100111010010	0110
100111010011	0101
100111010100	0110
100111010101	0101
100111010110	0101
100111010111	0100
100111011000	0110
100111011001	0101
100111011010	0101
100111011011	0100
100111011100	0101
100111011101	0100
100111011110	0100
100111011111	0011
100111100000	0111
100111100001	0110
100111100010	0110
100111100011	0101
100111100100	0110
100111100101	0101
100111100110	0101
100111100111	0100
100111101000	0110
100111101001	0101
100111101010	0101
100111101011	0100
100111101100	0101
100111101101	0100
100111101110	0100
100111101111	0011
100111110000	0110
100111110001	0101
100111110010	0101
100111110011	0100
100111110100	0101
100111110101	0100
100111110110	0100
100111110111	0011
100111111000	0101
100111111001	0100
100111111010	0100
100111111011	0011
100111111100	0100
100111111101	0011
100111111110	0011
100111111111	0010
101000000000	1010
101000000001	1001
101000000010	1001
101000000011	1000
101000000100	1001
101000000101	1000
101000000110	1000
101000000111	0111
101000001000	1001
101000001001	1000
101000001010	1000
101000001011	0111
101000001100	1000
101000001101	0111
101000001110	0111
101000001111	0110
101000010000	1001
101000010001	1000
101000010010	1000
101000010011	0111
101000010100	1000
101000010101	0111
101000010110	0111
101000010111	0110
101000011000	1000
101000011001	0111
101000011010	0111
101000011011	0110
101000011100	0111
101000011101	0110
101000011110	0110
101000011111	0101
101000100000	1001
101000100001	1000
101000100010	1000
101000100011	0111
101000100100	1000
101000100101	0111
101000100110	0111
101000100111	0110
101000101000	1000
101000101001	0111
101000101010	0111
101000101011	0110
101000101100	0111
101000101101	0110
101000101110	0110
101000101111	0101
101000110000	1000
101000110001	0111
101000110010	0111
101000110011	0110
101000110100	0111
101000110101	0110
101000110110	0110
101000110111	0101
101000111000	0111
101000111001	0110
101000111010	0110
101000111011	0101
101000111100	0110
101000111101	0101
101000111110	0101
101000111111	0100
101001000000	1001
101001000001	1000
101001000010	1000
101001000011	0111
101001000100	1000
101001000101	0111
101001000110	0111
101001000111	0110
101001001000	1000
101001001001	0111
101001001010	0111
101001001011	0110
101001001100	0111
101001001101	0110
101001001110	0110
101001001111	0101
101001010000	1000
101001010001	0111
101001010010	0111
101001010011	0110
101001010100	0111
101001010101	0110
101001010110	0110
101001010111	0101
101001011000	0111
101001011001	0110
101001011010	0110
101001011011	0101
101001011100	0110
101001011101	0101
101001011110	0101
101001011111	0100
101001100000	1000
101001100001	0111
101001100010	0111
101001100011	0110
101001100100	0111
101001100101	0110
101001100110	0110
101001100111	0101
101001101000	0111
101001101001	0110
101001101010	0110
101001101011	0101
101001101100	0110
101001101101	0101
101001101110	0101
101001101111	0100
101001110000	0111
101001110001	0110
101001110010	0110
101001110011	0101
101001110100	0110
101001110101	0101
101001110110	0101
101001110111	0100
101001111000	0110
101001111001	0101
101001111010	0101
101001111011	0100
101001111100	0101
101001111101	0100
101001111110	0100
101001111111	0011
101010000000	1001
101010000001	1000
101010000010	1000
101010000011	0111
101010000100	1000
101010000101	0111
101010000110	0111
101010000111	0110
101010001000	1000
101010001001	0111
101010001010	0111
101010001011	0110
101010001100	0111
101010001101	0110
101010001110	0110
101010001111	0101
101010010000	1000
101010010001	0111
101010010010	0111
101010010011	0110
101010010100	0111
101010010101	0110
101010010110	0110
101010010111	0101
101010011000	0111
101010011001	0110
101010011010	0110
101010011011	0101
101010011100	0110
101010011101	0101
101010011110	0101
101010011111	0100
101010100000	1000
101010100001	0111
101010100010	0111
101010100011	0110
101010100100	0111
101010100101	0110
101010100110	0110
101010100111	0101
101010101000	0111
101010101001	0110
101010101010	0110
101010101011	0101
101010101100	0110
101010101101	0101
101010101110	0101
101010101111	0100
101010110000	0111
101010110001	0110
101010110010	0110
101010110011	0101
101010110100	0110
101010110101	0101
101010110110	0101
101010110111	0100
101010111000	0110
101010111001	0101
101010111010	0101
101010111011	0100
101010111100	0101
101010111101	0100
101010111110	0100
101010111111	0011
101011000000	1000
101011000001	0111
101011000010	0111
101011000011	0110
101011000100	0111
101011000101	0110
101011000110	0110
101011000111	0101
101011001000	0111
101011001001	0110
101011001010	0110
101011001011	0101
101011001100	0110
101011001101	0101
101011001110	0101
101011001111	0100
101011010000	0111
101011010001	0110
101011010010	0110
101011010011	0101
101011010100	0110
101011010101	0101
101011010110	0101
101011010111	0100
101011011000	0110
101011011001	0101
101011011010	0101
101011011011	0100
101011011100	0101
101011011101	0100
101011011110	0100
101011011111	0011
101011100000	0111
101011100001	0110
101011100010	0110
101011100011	0101
101011100100	0110
101011100101	0101
101011100110	0101
101011100111	0100
101011101000	0110
101011101001	0101
101011101010	0101
101011101011	0100
101011101100	0101
101011101101	0100
101011101110	0100
101011101111	0011
101011110000	0110
101011110001	0101
101011110010	0101
101011110011	0100
101011110100	0101
101011110101	0100
101011110110	0100
101011110111	0011
101011111000	0101
101011111001	0100
101011111010	0100
101011111011	0011
101011111100	0100
101011111101	0011
101011111110	0011
101011111111	0010
101100000000	1001
101100000001	1000
101100000010	1000
101100000011	0111
101100000100	1000
101100000101	0111
101100000110	0111
101100000111	0110
101100001000	1000
101100001001	0111
101100001010	0111
101100001011	0110
101100001100	0111
101100001101	0110
101100001110	0110
101100001111	0101
101100010000	1000
101100010001	0111
101100010010	0111
101100010011	0110
101100010100	0111
101100010101	0110
101100010110	0110
101100010111	0101
101100011000	0111
101100011001	0110
101100011010	0110
101100011011	0101
101100011100	0110
101100011101	0101
101100011110	0101
101100011111	0100
101100100000	1000
101100100001	0111
101100100010	0111
101100100011	0110
101100100100	0111
101100100101	0110
101100100110	0110
101100100111	0101
101100101000	0111
101100101001	0110
101100101010	0110
101100101011	0101
101100101100	0110
101100101101	0101
101100101110	0101
101100101111	0100
101100110000	0111
101100110001	0110
101100110010	0110
101100110011	0101
101100110100	0110
101100110101	0101
101100110110	0101
101100110111	0100
101100111000	0110
101100111001	0101
101100111010	0101
101100111011	0100
101100111100	0101
101100111101	0100
101100111110	0100
101100111111	0011
101101000000	1000
101101000001	0111
101101000010	0111
101101000011	0110
101101000100	0111
101101000101	0110
101101000110	0110
101101000111	0101
101101001000	0111
101101001001	0110
101101001010	0110
101101001011	0101
101101001100	0110
101101001101	0101
101101001110	0101
101101001111	0100
101101010000	0111
101101010001	0110
101101010010	0110
101101010011	0101
101101010100	0110
101101010101	0101
101101010110	0101
101101010111	0100
101101011000	0110
101101011001	0101
101101011010	0101
101101011011	0100
101101011100	0101
101101011101	0100
101101011110	0100
101101011111	0011
101101100000	0111
101101100001	0110
101101100010	0110
101101100011	0101
101101100100	0110
101101100101	0101
101101100110	0101
101101100111	0100
101101101000	0110
101101101001	0101
101101101010	0101
101101101011	0100
101101101100	0101
101101101101	0100
101101101110	0100
101101101111	0011
101101110000	0110
101101110001	0101
101101110010	0101
101101110011	0100
101101110100	0101
101101110101	0100
101101110110	0100
101101110111	0011
101101111000	0101
101101111001	0100
101101111010	0100
101101111011	0011
101101111100	0100
101101111101	0011
101101111110	0011
101101111111	0010
101110000000	1000
101110000001	0111
101110000010	0111
101110000011	0110
101110000100	0111
101110000101	0110
101110000110	0110
101110000111	0101
101110001000	0111
101110001001	0110
101110001010	0110
101110001011	0101
101110001100	0110
101110001101	0101
101110001110	0101
101110001111	0100
101110010000	0111
101110010001	0110
101110010010	0110
101110010011	0101
101110010100	0110
101110010101	0101
101110010110	0101
101110010111	0100
101110011000	0110
101110011001	0101
101110011010	0101
101110011011	0100
101110011100	0101
101110011101	0100
101110011110	0100
101110011111	0011
101110100000	0111
101110100001	0110
101110100010	0110
101110100011	0101
101110100100	0110
101110100101	0101
101110100110	0101
101110100111	0100
101110101000	0110
101110101001	0101
101110101010	0101
101110101011	0100
101110101100	0101
101110101101	0100
101110101110	0100
101110101111	0011
101110110000	0110
101110110001	0101
101110110010	0101
101110110011	0100
101110110100	0101
101110110101	0100
101110110110	0100
101110110111	0011
101110111000	0101
101110111001	0100
101110111010	0100
101110111011	0011
101110111100	0100
101110111101	0011
101110111110	0011
101110111111	0010
101111000000	0111
101111000001	0110
101111000010	0110
101111000011	0101
101111000100	0110
101111000101	0101
101111000110	0101
101111000111	0100
101111001000	0110
101111001001	0101
101111001010	0101
101111001011	0100
101111001100	0101
101111001101	0100
101111001110	0100
101111001111	0011
101111010000	0110
101111010001	0101
101111010010	0101
101111010011	0100
101111010100	0101
101111010101	0100
101111010110	0100
101111010111	0011
101111011000	0101
101111011001	0100
101111011010	0100
101111011011	0011
101111011100	0100
101111011101	0011
101111011110	0011
101111011111	0010
101111100000	0110
101111100001	0101
101111100010	0101
101111100011	0100
101111100100	0101
101111100101	0100
101111100110	0100
101111100111	0011
101111101000	0101
101111101001	0100
101111101010	0100
101111101011	0011
101111101100	0100
101111101101	0011
101111101110	0011
101111101111	0010
101111110000	0101
101111110001	0100
101111110010	0100
101111110011	0011
101111110100	0100
101111110101	0011
101111110110	0011
101111110111	0010
101111111000	0100
101111111001	0011
101111111010	0011
101111111011	0010
101111111100	0011
101111111101	0010
101111111110	0010
101111111111	0001
110000000000	1010
110000000001	1001
110000000010	1001
110000000011	1000
110000000100	1001
110000000101	1000
110000000110	1000
110000000111	0111
110000001000	1001
110000001001	1000
110000001010	1000
110000001011	0111
110000001100	1000
110000001101	0111
110000001110	0111
110000001111	0110
110000010000	1001
110000010001	1000
110000010010	1000
110000010011	0111
110000010100	1000
110000010101	0111
110000010110	0111
110000010111	0110
110000011000	1000
110000011001	0111
110000011010	0111
110000011011	0110
110000011100	0111
110000011101	0110
110000011110	0110
110000011111	0101
110000100000	1001
110000100001	1000
110000100010	1000
110000100011	0111
110000100100	1000
110000100101	0111
110000100110	0111
110000100111	0110
110000101000	1000
110000101001	0111
110000101010	0111
110000101011	0110
110000101100	0111
110000101101	0110
110000101110	0110
110000101111	0101
110000110000	1000
110000110001	0111
110000110010	0111
110000110011	0110
110000110100	0111
110000110101	0110
110000110110	0110
110000110111	0101
110000111000	0111
110000111001	0110
110000111010	0110
110000111011	0101
110000111100	0110
110000111101	0101
110000111110	0101
110000111111	0100
110001000000	1001
110001000001	1000
110001000010	1000
110001000011	0111
110001000100	1000
110001000101	0111
110001000110	0111
110001000111	0110
110001001000	1000
110001001001	0111
110001001010	0111
110001001011	0110
110001001100	0111
110001001101	0110
110001001110	0110
110001001111	0101
110001010000	1000
110001010001	0111
110001010010	0111
110001010011	0110
110001010100	0111
110001010101	0110
110001010110	0110
110001010111	0101
110001011000	0111
110001011001	0110
110001011010	0110
110001011011	0101
110001011100	0110
110001011101	0101
110001011110	0101
110001011111	0100
110001100000	1000
110001100001	0111
110001100010	0111
110001100011	0110
110001100100	0111
110001100101	0110
110001100110	0110
110001100111	0101
110001101000	0111
110001101001	0110
110001101010	0110
110001101011	0101
110001101100	0110
110001101101	0101
110001101110	0101
110001101111	0100
110001110000	0111
110001110001	0110
110001110010	0110
110001110011	0101
110001110100	0110
110001110101	0101
110001110110	0101
110001110111	0100
110001111000	0110
110001111001	0101
110001111010	0101
110001111011	0100
110001111100	0101
110001111101	0100
110001111110	0100
110001111111	0011
110010000000	1001
110010000001	1000
110010000010	1000
110010000011	0111
110010000100	1000
110010000101	0111
110010000110	0111
110010000111	0110
110010001000	1000
110010001001	0111
110010001010	0111
110010001011	0110
110010001100	0111
110010001101	0110
110010001110	0110
110010001111	0101
110010010000	1000
110010010001	0111
110010010010	0111
110010010011	0110
110010010100	0111
110010010101	0110
110010010110	0110
110010010111	0101
110010011000	0111
110010011001	0110
110010011010	0110
110010011011	0101
110010011100	0110
110010011101	0101
110010011110	0101
110010011111	0100
110010100000	1000
110010100001	0111
110010100010	0111
110010100011	0110
110010100100	0111
110010100101	0110
110010100110	0110
110010100111	0101
110010101000	0111
110010101001	0110
110010101010	0110
110010101011	0101
110010101100	0110
110010101101	0101
110010101110	0101
110010101111	0100
110010110000	0111
110010110001	0110
110010110010	0110
110010110011	0101
110010110100	0110
110010110101	0101
110010110110	0101
110010110111	0100
110010111000	0110
110010111001	0101
110010111010	0101
110010111011	0100
110010111100	0101
110010111101	0100
110010111110	0100
110010111111	0011
110011000000	1000
110011000001	0111
110011000010	0111
110011000011	0110
110011000100	0111
110011000101	0110
110011000110	0110
110011000111	0101
110011001000	0111
110011001001	0110
110011001010	0110
110011001011	0101
110011001100	0110
110011001101	0101
110011001110	0101
110011001111	0100
110011010000	0111
110011010001	0110
110011010010	0110
110011010011	0101
110011010100	0110
110011010101	0101
110011010110	0101
110011010111	0100
110011011000	0110
110011011001	0101
110011011010	0101
110011011011	0100
110011011100	0101
110011011101	0100
110011011110	0100
110011011111	0011
110011100000	0111
110011100001	0110
110011100010	0110
110011100011	0101
110011100100	0110
110011100101	0101
110011100110	0101
110011100111	0100
110011101000	0110
110011101001	0101
110011101010	0101
110011101011	0100
110011101100	0101
110011101101	0100
110011101110	0100
110011101111	0011
110011110000	0110
110011110001	0101
110011110010	0101
110011110011	0100
110011110100	0101
110011110101	0100
110011110110	0100
110011110111	0011
110011111000	0101
110011111001	0100
110011111010	0100
110011111011	0011
110011111100	0100
110011111101	0011
110011111110	0011
110011111111	0010
110100000000	1001
110100000001	1000
110100000010	1000
110100000011	0111
110100000100	1000
110100000101	0111
110100000110	0111
110100000111	0110
110100001000	1000
110100001001	0111
110100001010	0111
110100001011	0110
110100001100	0111
110100001101	0110
110100001110	0110
110100001111	0101
110100010000	1000
110100010001	0111
110100010010	0111
110100010011	0110
110100010100	0111
110100010101	0110
110100010110	0110
110100010111	0101
110100011000	0111
110100011001	0110
110100011010	0110
110100011011	0101
110100011100	0110
110100011101	0101
110100011110	0101
110100011111	0100
110100100000	1000
110100100001	0111
110100100010	0111
110100100011	0110
110100100100	0111
110100100101	0110
110100100110	0110
110100100111	0101
110100101000	0111
110100101001	0110
110100101010	0110
110100101011	0101
110100101100	0110
110100101101	0101
110100101110	0101
110100101111	0100
110100110000	0111
110100110001	0110
110100110010	0110
110100110011	0101
110100110100	0110
110100110101	0101
110100110110	0101
110100110111	0100
110100111000	0110
110100111001	0101
110100111010	0101
110100111011	0100
110100111100	0101
110100111101	0100
110100111110	0100
110100111111	0011
110101000000	1000
110101000001	0111
110101000010	0111
110101000011	0110
110101000100	0111
110101000101	0110
110101000110	0110
110101000111	0101
110101001000	0111
110101001001	0110
110101001010	0110
110101001011	0101
110101001100	0110
110101001101	0101
110101001110	0101
110101001111	0100
110101010000	0111
110101010001	0110
110101010010	0110
110101010011	0101
110101010100	0110
110101010101	0101
110101010110	0101
110101010111	0100
110101011000	0110
110101011001	0101
110101011010	0101
110101011011	0100
110101011100	0101
110101011101	0100
110101011110	0100
110101011111	0011
110101100000	0111
110101100001	0110
110101100010	0110
110101100011	0101
110101100100	0110
110101100101	0101
110101100110	0101
110101100111	0100
110101101000	0110
110101101001	0101
110101101010	0101
110101101011	0100
110101101100	0101
110101101101	0100
110101101110	0100
110101101111	0011
110101110000	0110
110101110001	0101
110101110010	0101
110101110011	0100
110101110100	0101
110101110101	0100
110101110110	0100
110101110111	0011
110101111000	0101
110101111001	0100
110101111010	0100
110101111011	0011
110101111100	0100
110101111101	0011
110101111110	0011
110101111111	0010
110110000000	1000
110110000001	0111
110110000010	0111
110110000011	0110
110110000100	0111
110110000101	0110
110110000110	0110
110110000111	0101
110110001000	0111
110110001001	0110
110110001010	0110
110110001011	0101
110110001100	0110
110110001101	0101
110110001110	0101
110110001111	0100
110110010000	0111
110110010001	0110
110110010010	0110
110110010011	0101
110110010100	0110
110110010101	0101
110110010110	0101
110110010111	0100
110110011000	0110
110110011001	0101
110110011010	0101
110110011011	0100
110110011100	0101
110110011101	0100
110110011110	0100
110110011111	0011
110110100000	0111
110110100001	0110
110110100010	0110
110110100011	0101
110110100100	0110
110110100101	0101
110110100110	0101
110110100111	0100
110110101000	0110
110110101001	0101
110110101010	0101
110110101011	0100
110110101100	0101
110110101101	0100
110110101110	0100
110110101111	0011
110110110000	0110
110110110001	0101
110110110010	0101
110110110011	0100
110110110100	0101
110110110101	0100
110110110110	0100
110110110111	0011
110110111000	0101
110110111001	0100
110110111010	0100
110110111011	0011
110110111100	0100
110110111101	0011
110110111110	0011
110110111111	0010
110111000000	0111
110111000001	0110
110111000010	0110
110111000011	0101
110111000100	0110
110111000101	0101
110111000110	0101
110111000111	0100
110111001000	0110
110111001001	0101
110111001010	0101
110111001011	0100
110111001100	0101
110111001101	0100
110111001110	0100
110111001111	0011
110111010000	0110
110111010001	0101
110111010010	0101
110111010011	0100
110111010100	0101
110111010101	0100
110111010110	0100
110111010111	0011
110111011000	0101
110111011001	0100
110111011010	0100
110111011011	0011
110111011100	0100
110111011101	0011
110111011110	0011
110111011111	0010
110111100000	0110
110111100001	0101
110111100010	0101
110111100011	0100
110111100100	0101
110111100101	0100
110111100110	0100
110111100111	0011
110111101000	0101
110111101001	0100
110111101010	0100
110111101011	0011
110111101100	0100
110111101101	0011
110111101110	0011
110111101111	0010
110111110000	0101
110111110001	0100
110111110010	0100
110111110011	0011
110111110100	0100
110111110101	0011
110111110110	0011
110111110111	0010
110111111000	0100
110111111001	0011
110111111010	0011
110111111011	0010
110111111100	0011
110111111101	0010
110111111110	0010
110111111111	0001
111000000000	1001
111000000001	1000
111000000010	1000
111000000011	0111
111000000100	1000
111000000101	0111
111000000110	0111
111000000111	0110
111000001000	1000
111000001001	0111
111000001010	0111
111000001011	0110
111000001100	0111
111000001101	0110
111000001110	0110
111000001111	0101
111000010000	1000
111000010001	0111
111000010010	0111
111000010011	0110
111000010100	0111
111000010101	0110
111000010110	0110
111000010111	0101
111000011000	0111
111000011001	0110
111000011010	0110
111000011011	0101
111000011100	0110
111000011101	0101
111000011110	0101
111000011111	0100
111000100000	1000
111000100001	0111
111000100010	0111
111000100011	0110
111000100100	0111
111000100101	0110
111000100110	0110
111000100111	0101
111000101000	0111
111000101001	0110
111000101010	0110
111000101011	0101
111000101100	0110
111000101101	0101
111000101110	0101
111000101111	0100
111000110000	0111
111000110001	0110
111000110010	0110
111000110011	0101
111000110100	0110
111000110101	0101
111000110110	0101
111000110111	0100
111000111000	0110
111000111001	0101
111000111010	0101
111000111011	0100
111000111100	0101
111000111101	0100
111000111110	0100
111000111111	0011
111001000000	1000
111001000001	0111
111001000010	0111
111001000011	0110
111001000100	0111
111001000101	0110
111001000110	0110
111001000111	0101
111001001000	0111
111001001001	0110
111001001010	0110
111001001011	0101
111001001100	0110
111001001101	0101
111001001110	0101
111001001111	0100
111001010000	0111
111001010001	0110
111001010010	0110
111001010011	0101
111001010100	0110
111001010101	0101
111001010110	0101
111001010111	0100
111001011000	0110
111001011001	0101
111001011010	0101
111001011011	0100
111001011100	0101
111001011101	0100
111001011110	0100
111001011111	0011
111001100000	0111
111001100001	0110
111001100010	0110
111001100011	0101
111001100100	0110
111001100101	0101
111001100110	0101
111001100111	0100
111001101000	0110
111001101001	0101
111001101010	0101
111001101011	0100
111001101100	0101
111001101101	0100
111001101110	0100
111001101111	0011
111001110000	0110
111001110001	0101
111001110010	0101
111001110011	0100
111001110100	0101
111001110101	0100
111001110110	0100
111001110111	0011
111001111000	0101
111001111001	0100
111001111010	0100
111001111011	0011
111001111100	0100
111001111101	0011
111001111110	0011
111001111111	0010
111010000000	1000
111010000001	0111
111010000010	0111
111010000011	0110
111010000100	0111
111010000101	0110
111010000110	0110
111010000111	0101
111010001000	0111
111010001001	0110
111010001010	0110
111010001011	0101
111010001100	0110
111010001101	0101
111010001110	0101
111010001111	0100
111010010000	0111
111010010001	0110
111010010010	0110
111010010011	0101
111010010100	0110
111010010101	0101
111010010110	0101
111010010111	0100
111010011000	0110
111010011001	0101
111010011010	0101
111010011011	0100
111010011100	0101
111010011101	0100
111010011110	0100
111010011111	0011
111010100000	0111
111010100001	0110
111010100010	0110
111010100011	0101
111010100100	0110
111010100101	0101
111010100110	0101
111010100111	0100
111010101000	0110
111010101001	0101
111010101010	0101
111010101011	0100
111010101100	0101
111010101101	0100
111010101110	0100
111010101111	0011
111010110000	0110
111010110001	0101
111010110010	0101
111010110011	0100
111010110100	0101
111010110101	0100
111010110110	0100
111010110111	0011
111010111000	0101
111010111001	0100
111010111010	0100
111010111011	0011
111010111100	0100
111010111101	0011
111010111110	0011
111010111111	0010
111011000000	0111
111011000001	0110
111011000010	0110
111011000011	0101
111011000100	0110
111011000101	0101
111011000110	0101
111011000111	0100
111011001000	0110
111011001001	0101
111011001010	0101
111011001011	0100
111011001100	0101
111011001101	0100
111011001110	0100
111011001111	0011
111011010000	0110
111011010001	0101
111011010010	0101
111011010011	0100
111011010100	0101
111011010101	0100
111011010110	0100
111011010111	0011
111011011000	0101
111011011001	0100
111011011010	0100
111011011011	0011
111011011100	0100
111011011101	0011
111011011110	0011
111011011111	0010
111011100000	0110
111011100001	0101
111011100010	0101
111011100011	0100
111011100100	0101
111011100101	0100
111011100110	0100
111011100111	0011
111011101000	0101
111011101001	0100
111011101010	0100
111011101011	0011
111011101100	0100
111011101101	0011
111011101110	0011
111011101111	0010
111011110000	0101
111011110001	0100
111011110010	0100
111011110011	0011
111011110100	0100
111011110101	0011
111011110110	0011
111011110111	0010
111011111000	0100
111011111001	0011
111011111010	0011
111011111011	0010
111011111100	0011
111011111101	0010
111011111110	0010
111011111111	0001
111100000000	1000
111100000001	0111
111100000010	0111
111100000011	0110
111100000100	0111
111100000101	0110
111100000110	0110
111100000111	0101
111100001000	0111
111100001001	0110
111100001010	0110
111100001011	0101
111100001100	0110
111100001101	0101
111100001110	0101
111100001111	0100
111100010000	0111
111100010001	0110
111100010010	0110
111100010011	0101
111100010100	0110
111100010101	0101
111100010110	0101
111100010111	0100
111100011000	0110
111100011001	0101
111100011010	0101
111100011011	0100
111100011100	0101
111100011101	0100
111100011110	0100
111100011111	0011
111100100000	0111
111100100001	0110
111100100010	0110
111100100011	0101
111100100100	0110
111100100101	0101
111100100110	0101
111100100111	0100
111100101000	0110
111100101001	0101
111100101010	0101
111100101011	0100
111100101100	0101
111100101101	0100
111100101110	0100
111100101111	0011
111100110000	0110
111100110001	0101
111100110010	0101
111100110011	0100
111100110100	0101
111100110101	0100
111100110110	0100
111100110111	0011
111100111000	0101
111100111001	0100
111100111010	0100
111100111011	0011
111100111100	0100
111100111101	0011
111100111110	0011
111100111111	0010
111101000000	0111
111101000001	0110
111101000010	0110
111101000011	0101
111101000100	0110
111101000101	0101
111101000110	0101
111101000111	0100
111101001000	0110
111101001001	0101
111101001010	0101
111101001011	0100
111101001100	0101
111101001101	0100
111101001110	0100
111101001111	0011
111101010000	0110
111101010001	0101
111101010010	0101
111101010011	0100
111101010100	0101
111101010101	0100
111101010110	0100
111101010111	0011
111101011000	0101
111101011001	0100
111101011010	0100
111101011011	0011
111101011100	0100
111101011101	0011
111101011110	0011
111101011111	0010
111101100000	0110
111101100001	0101
111101100010	0101
111101100011	0100
111101100100	0101
111101100101	0100
111101100110	0100
111101100111	0011
111101101000	0101
111101101001	0100
111101101010	0100
111101101011	0011
111101101100	0100
111101101101	0011
111101101110	0011
111101101111	0010
111101110000	0101
111101110001	0100
111101110010	0100
111101110011	0011
111101110100	0100
111101110101	0011
111101110110	0011
111101110111	0010
111101111000	0100
111101111001	0011
111101111010	0011
111101111011	0010
111101111100	0011
111101111101	0010
111101111110	0010
111101111111	0001
111110000000	0111
111110000001	0110
111110000010	0110
111110000011	0101
111110000100	0110
111110000101	0101
111110000110	0101
111110000111	0100
111110001000	0110
111110001001	0101
111110001010	0101
111110001011	0100
111110001100	0101
111110001101	0100
111110001110	0100
111110001111	0011
111110010000	0110
111110010001	0101
111110010010	0101
111110010011	0100
111110010100	0101
111110010101	0100
111110010110	0100
111110010111	0011
111110011000	0101
111110011001	0100
111110011010	0100
111110011011	0011
111110011100	0100
111110011101	0011
111110011110	0011
111110011111	0010
111110100000	0110
111110100001	0101
111110100010	0101
111110100011	0100
111110100100	0101
111110100101	0100
111110100110	0100
111110100111	0011
111110101000	0101
111110101001	0100
111110101010	0100
111110101011	0011
111110101100	0100
111110101101	0011
111110101110	0011
111110101111	0010
111110110000	0101
111110110001	0100
111110110010	0100
111110110011	0011
111110110100	0100
111110110101	0011
111110110110	0011
111110110111	0010
111110111000	0100
111110111001	0011
111110111010	0011
111110111011	0010
111110111100	0011
111110111101	0010
111110111110	0010
111110111111	0001
111111000000	0110
111111000001	0101
111111000010	0101
111111000011	0100
111111000100	0101
111111000101	0100
111111000110	0100
111111000111	0011
111111001000	0101
111111001001	0100
111111001010	0100
111111001011	0011
111111001100	0100
111111001101	0011
111111001110	0011
111111001111	0010
111111010000	0101
111111010001	0100
111111010010	0100
111111010011	0011
111111010100	0100
111111010101	0011
111111010110	0011
111111010111	0010
111111011000	0100
111111011001	0011
111111011010	0011
111111011011	0010
111111011100	0011
111111011101	0010
111111011110	0010
111111011111	0001
111111100000	0101
111111100001	0100
111111100010	0100
111111100011	0011
111111100100	0100
111111100101	0011
111111100110	0011
111111100111	0010
111111101000	0100
111111101001	0011
111111101010	0011
111111101011	0010
111111101100	0011
111111101101	0010
111111101110	0010
111111101111	0001
111111110000	0100
111111110001	0011
111111110010	0011
111111110011	0010
111111110100	0011
111111110101	0010
111111110110	0010
111111110111	0001
111111111000	0011
111111111001	0010
111111111010	0010
111111111011	0001
111111111100	0010
111111111101	0001
111111111110	0001
111111111111	0000
